{
  "session": {
    "34": {
      "extrinsic": [
        [
          0.8613381973556309,
          -0.5077786479791419,
          -0.016042244821494696,
          354.445612047392
        ],
        [
          0.5079764217253936,
          0.8612815907210525,
          0.012409307954898127,
          101.29857844637851
        ],
        [
          0.00751570879770641,
          -0.01883769169636614,
          0.9997942840359203,
          99.34559451547509
        ],
        [
          0.0,
          0.0,
          0.0,
          1.0
        ]
      ],
      "angles": [
        14.882,
        11.032,
        8.059,
        5.057,
        3.04,
        2.028,
        1.86,
        1.688,
        1.522,
        1.351,
        1.184,
        1.013,
        0.846,
        0.675,
        0.508,
        0.337,
        0.169,
        0.0,
        -0.169,
        -0.337,
        -0.508,
        -0.675,
        -0.845,
        -1.013,
        -1.184,
        -1.351,
        -1.522,
        -1.688,
        -1.86,
        -2.028,
        -2.198,
        -2.365,
        -2.536,
        -2.7,
        -2.873,
        -3.04,
        -3.21,
        -3.375,
        -3.548,
        -3.712,
        -3.884,
        -4.05,
        -4.221,
        -4.385,
        -4.558,
        -4.72,
        -4.892,
        -5.057,
        -5.229,
        -5.391,
        -5.565,
        -5.726,
        -5.898,
        -6.061,
        -7.063,
        -8.059,
        -9.06,
        -9.885,
        -11.032,
        -12.006,
        -12.974,
        -13.93,
        -18.889,
        -24.897
      ],
      "fps": 10,
      "type": "lidar",
      "sessionId": 34,
      "experimentId": 4,
      "deviceId": 1,
      "horizontal_resolution": 0.2
    },
    "35": {
      "extrinsic": [
        [
          0.9997451106229718,
          -0.01930035747726045,
          0.01170913368513612,
          371.71866957056756
        ],
        [
          0.019696904891513427,
          0.9992018243676579,
          -0.034753503569051235,
          71.350692622867
        ],
        [
          -0.011029033088276116,
          0.03497528715181124,
          0.9993272727675501,
          100.21658524760254
        ],
        [
          0.0,
          0.0,
          0.0,
          1.0
        ]
      ],
      "angles": [
        -7.2296872,
        -6.8720822,
        0.227465,
        0.57880998,
        -6.5832982,
        -6.2131648,
        -8.5969448,
        -8.264595,
        -5.8772812,
        -5.587399,
        -7.9661479,
        -7.5521989,
        -3.1191211,
        -2.8154221,
        -5.146234,
        -4.7975101,
        -2.4648039,
        -2.0906091,
        -4.5066328,
        -4.1689248,
        -1.786443,
        -1.447062,
        -3.865905,
        -3.4693241,
        0.96523899,
        1.328169,
        -1.1075799,
        -0.75630999,
        1.667588,
        1.9133019,
        -0.40498301,
        -0.065338,
        -22.477615,
        -22.016085,
        -11.238899,
        -10.629205,
        -21.652775,
        -21.06358,
        -24.613182,
        -24.215025,
        -20.592939,
        -19.912579,
        -23.608179,
        -23.134468,
        -16.273811,
        -15.841172,
        -19.424471,
        -18.881002,
        -15.493717,
        -14.882864,
        -18.513205,
        -18.016809,
        -14.301527,
        -13.661886,
        -17.453672,
        -16.74752,
        -9.948904,
        -9.6987391,
        -13.052104,
        -12.629027,
        -9.2657576,
        -8.6600876,
        -12.338741,
        -11.700107
      ],
      "fps": 10,
      "type": "lidar",
      "sessionId": 35,
      "experimentId": 4,
      "deviceId": 0,
      "horizontal_resolution": 0.16
    },
    "36": {
      "extrinsic": [
        [
          -0.915898863473011,
          -0.40136364499632626,
          -0.006044004462220034,
          344.6179630414522
        ],
        [
          0.4013323372510572,
          -0.9159143167604865,
          0.005768835239249348,
          83.53902670583548
        ],
        [
          -0.007851201318800922,
          0.0028580128492170344,
          0.9999650764735025,
          99.6559648178966
        ],
        [
          0.0,
          0.0,
          0.0,
          1.0
        ]
      ],
      "angles": [
        -52.121,
        -49.785,
        -47.577,
        -45.477,
        -43.465,
        -41.528,
        -39.653,
        -37.831,
        -36.055,
        -34.32,
        -32.619,
        -30.95,
        -29.308,
        -27.69,
        -26.094,
        -24.517,
        -22.964,
        -21.42,
        -19.889,
        -18.372,
        -16.865,
        -15.368,
        -13.88,
        -12.399,
        -10.925,
        -9.457,
        -7.994,
        -6.535,
        -5.079,
        -3.626,
        -2.175,
        -0.725,
        0.725,
        2.175,
        3.626,
        5.079,
        6.534,
        7.993,
        9.456,
        10.923,
        12.397,
        13.877,
        15.365,
        16.861,
        18.368,
        19.885,
        21.415,
        22.959,
        24.524,
        26.101,
        27.697,
        29.315,
        30.957,
        32.627,
        34.328,
        36.064,
        37.84,
        39.662,
        41.537,
        43.475,
        45.487,
        47.587,
        49.795,
        52.133
      ],
      "fps": 10,
      "type": "lidar",
      "sessionId": 36,
      "experimentId": 4,
      "deviceId": 2,
      "horizontal_resolution": 0.6
    },
    "37": {
      "extrinsic": [
        [
          -0.7479720674222065,
          -0.66365119017755,
          -0.01024162986411877,
          382.99473414622423
        ],
        [
          0.6637198730519513,
          -0.7479574943718873,
          -0.005957329603664671,
          98.52992077031405
        ],
        [
          -0.0037067141942578223,
          -0.01125349184913588,
          0.999929802464915,
          99.50258970132815
        ],
        [
          0.0,
          0.0,
          0.0,
          1.0
        ]
      ],
      "angles": [
        -15,
        1,
        -13,
        3,
        -11,
        5,
        -9,
        7,
        -7,
        9,
        -5,
        11,
        -3,
        13,
        -1,
        15
      ],
      "fps": 10,
      "type": "lidar",
      "sessionId": 37,
      "experimentId": 4,
      "deviceId": 3,
      "horizontal_resolution": 0.2
    },
    "38": {
      "extrinsic": [
        [
          -0.6592794485251329,
          0.7518976267695082,
          -0.0007663467937468865,
          350.54908912990817
        ],
        [
          -0.7515131047861303,
          -0.6589742336695404,
          -0.03132056107890907,
          63.495379535652276
        ],
        [
          -0.02405485577437091,
          -0.02007307811537895,
          0.9995091114014227,
          99.03962395548108
        ],
        [
          0.0,
          0.0,
          0.0,
          1.0
        ]
      ],
      "angles": [
        -15,
        1,
        -13,
        3,
        -11,
        5,
        -9,
        7,
        -7,
        9,
        -5,
        11,
        -3,
        13,
        -1,
        15
      ],
      "fps": 10,
      "type": "lidar",
      "sessionId": 38,
      "experimentId": 4,
      "deviceId": 4,
      "horizontal_resolution": 0.2
    },
    "49": {
      "extrinsic": [
        [
          0.8613381973556309,
          -0.5077786479791419,
          -0.016042244821494696,
          354.445612047392
        ],
        [
          0.5079764217253936,
          0.8612815907210525,
          0.012409307954898127,
          101.29857844637851
        ],
        [
          0.00751570879770641,
          -0.01883769169636614,
          0.9997942840359203,
          99.34559451547509
        ],
        [
          0.0,
          0.0,
          0.0,
          1.0
        ]
      ],
      "angles": [
        14.882,
        11.032,
        8.059,
        5.057,
        3.04,
        2.028,
        1.86,
        1.688,
        1.522,
        1.351,
        1.184,
        1.013,
        0.846,
        0.675,
        0.508,
        0.337,
        0.169,
        0.0,
        -0.169,
        -0.337,
        -0.508,
        -0.675,
        -0.845,
        -1.013,
        -1.184,
        -1.351,
        -1.522,
        -1.688,
        -1.86,
        -2.028,
        -2.198,
        -2.365,
        -2.536,
        -2.7,
        -2.873,
        -3.04,
        -3.21,
        -3.375,
        -3.548,
        -3.712,
        -3.884,
        -4.05,
        -4.221,
        -4.385,
        -4.558,
        -4.72,
        -4.892,
        -5.057,
        -5.229,
        -5.391,
        -5.565,
        -5.726,
        -5.898,
        -6.061,
        -7.063,
        -8.059,
        -9.06,
        -9.885,
        -11.032,
        -12.006,
        -12.974,
        -13.93,
        -18.889,
        -24.897
      ],
      "fps": 10,
      "type": "lidar",
      "sessionId": 49,
      "experimentId": 5,
      "deviceId": 1,
      "horizontal_resolution": 0.2
    },
    "50": {
      "extrinsic": [
        [
          0.9997451106229718,
          -0.01930035747726045,
          0.01170913368513612,
          371.71866957056756
        ],
        [
          0.019696904891513427,
          0.9992018243676579,
          -0.034753503569051235,
          71.350692622867
        ],
        [
          -0.011029033088276116,
          0.03497528715181124,
          0.9993272727675501,
          100.21658524760254
        ],
        [
          0.0,
          0.0,
          0.0,
          1.0
        ]
      ],
      "angles": [
        -7.2296872,
        -6.8720822,
        0.227465,
        0.57880998,
        -6.5832982,
        -6.2131648,
        -8.5969448,
        -8.264595,
        -5.8772812,
        -5.587399,
        -7.9661479,
        -7.5521989,
        -3.1191211,
        -2.8154221,
        -5.146234,
        -4.7975101,
        -2.4648039,
        -2.0906091,
        -4.5066328,
        -4.1689248,
        -1.786443,
        -1.447062,
        -3.865905,
        -3.4693241,
        0.96523899,
        1.328169,
        -1.1075799,
        -0.75630999,
        1.667588,
        1.9133019,
        -0.40498301,
        -0.065338,
        -22.477615,
        -22.016085,
        -11.238899,
        -10.629205,
        -21.652775,
        -21.06358,
        -24.613182,
        -24.215025,
        -20.592939,
        -19.912579,
        -23.608179,
        -23.134468,
        -16.273811,
        -15.841172,
        -19.424471,
        -18.881002,
        -15.493717,
        -14.882864,
        -18.513205,
        -18.016809,
        -14.301527,
        -13.661886,
        -17.453672,
        -16.74752,
        -9.948904,
        -9.6987391,
        -13.052104,
        -12.629027,
        -9.2657576,
        -8.6600876,
        -12.338741,
        -11.700107
      ],
      "fps": 10,
      "type": "lidar",
      "sessionId": 50,
      "experimentId": 5,
      "deviceId": 0,
      "horizontal_resolution": 0.16
    },
    "51": {
      "extrinsic": [
        [
          -0.915898863473011,
          -0.40136364499632626,
          -0.006044004462220034,
          344.6179630414522
        ],
        [
          0.4013323372510572,
          -0.9159143167604865,
          0.005768835239249348,
          83.53902670583548
        ],
        [
          -0.007851201318800922,
          0.0028580128492170344,
          0.9999650764735025,
          99.6559648178966
        ],
        [
          0.0,
          0.0,
          0.0,
          1.0
        ]
      ],
      "angles": [
        -52.121,
        -49.785,
        -47.577,
        -45.477,
        -43.465,
        -41.528,
        -39.653,
        -37.831,
        -36.055,
        -34.32,
        -32.619,
        -30.95,
        -29.308,
        -27.69,
        -26.094,
        -24.517,
        -22.964,
        -21.42,
        -19.889,
        -18.372,
        -16.865,
        -15.368,
        -13.88,
        -12.399,
        -10.925,
        -9.457,
        -7.994,
        -6.535,
        -5.079,
        -3.626,
        -2.175,
        -0.725,
        0.725,
        2.175,
        3.626,
        5.079,
        6.534,
        7.993,
        9.456,
        10.923,
        12.397,
        13.877,
        15.365,
        16.861,
        18.368,
        19.885,
        21.415,
        22.959,
        24.524,
        26.101,
        27.697,
        29.315,
        30.957,
        32.627,
        34.328,
        36.064,
        37.84,
        39.662,
        41.537,
        43.475,
        45.487,
        47.587,
        49.795,
        52.133
      ],
      "fps": 10,
      "type": "lidar",
      "sessionId": 51,
      "experimentId": 5,
      "deviceId": 2,
      "horizontal_resolution": 0.6
    },
    "52": {
      "extrinsic": [
        [
          -0.7479720674222065,
          -0.66365119017755,
          -0.01024162986411877,
          382.99473414622423
        ],
        [
          0.6637198730519513,
          -0.7479574943718873,
          -0.005957329603664671,
          98.52992077031405
        ],
        [
          -0.0037067141942578223,
          -0.01125349184913588,
          0.999929802464915,
          99.50258970132815
        ],
        [
          0.0,
          0.0,
          0.0,
          1.0
        ]
      ],
      "angles": [
        -15,
        1,
        -13,
        3,
        -11,
        5,
        -9,
        7,
        -7,
        9,
        -5,
        11,
        -3,
        13,
        -1,
        15
      ],
      "fps": 10,
      "type": "lidar",
      "sessionId": 52,
      "experimentId": 5,
      "deviceId": 3,
      "horizontal_resolution": 0.2
    },
    "53": {
      "extrinsic": [
        [
          -0.6592794485251329,
          0.7518976267695082,
          -0.0007663467937468865,
          350.54908912990817
        ],
        [
          -0.7515131047861303,
          -0.6589742336695404,
          -0.03132056107890907,
          63.495379535652276
        ],
        [
          -0.02405485577437091,
          -0.02007307811537895,
          0.9995091114014227,
          99.03962395548108
        ],
        [
          0.0,
          0.0,
          0.0,
          1.0
        ]
      ],
      "angles": [
        -15,
        1,
        -13,
        3,
        -11,
        5,
        -9,
        7,
        -7,
        9,
        -5,
        11,
        -3,
        13,
        -1,
        15
      ],
      "fps": 10,
      "type": "lidar",
      "sessionId": 53,
      "experimentId": 5,
      "deviceId": 4,
      "horizontal_resolution": 0.2
    },
    "54": {
      "extrinsic": [
        [
          0.8613381973556309,
          -0.5077786479791419,
          -0.016042244821494696,
          354.445612047392
        ],
        [
          0.5079764217253936,
          0.8612815907210525,
          0.012409307954898127,
          101.29857844637851
        ],
        [
          0.00751570879770641,
          -0.01883769169636614,
          0.9997942840359203,
          99.34559451547509
        ],
        [
          0.0,
          0.0,
          0.0,
          1.0
        ]
      ],
      "angles": [
        14.882,
        11.032,
        8.059,
        5.057,
        3.04,
        2.028,
        1.86,
        1.688,
        1.522,
        1.351,
        1.184,
        1.013,
        0.846,
        0.675,
        0.508,
        0.337,
        0.169,
        0.0,
        -0.169,
        -0.337,
        -0.508,
        -0.675,
        -0.845,
        -1.013,
        -1.184,
        -1.351,
        -1.522,
        -1.688,
        -1.86,
        -2.028,
        -2.198,
        -2.365,
        -2.536,
        -2.7,
        -2.873,
        -3.04,
        -3.21,
        -3.375,
        -3.548,
        -3.712,
        -3.884,
        -4.05,
        -4.221,
        -4.385,
        -4.558,
        -4.72,
        -4.892,
        -5.057,
        -5.229,
        -5.391,
        -5.565,
        -5.726,
        -5.898,
        -6.061,
        -7.063,
        -8.059,
        -9.06,
        -9.885,
        -11.032,
        -12.006,
        -12.974,
        -13.93,
        -18.889,
        -24.897
      ],
      "fps": 10,
      "type": "lidar",
      "sessionId": 54,
      "experimentId": 6,
      "deviceId": 1,
      "horizontal_resolution": 0.2
    },
    "55": {
      "extrinsic": [
        [
          0.9997451106229718,
          -0.01930035747726045,
          0.01170913368513612,
          371.71866957056756
        ],
        [
          0.019696904891513427,
          0.9992018243676579,
          -0.034753503569051235,
          71.350692622867
        ],
        [
          -0.011029033088276116,
          0.03497528715181124,
          0.9993272727675501,
          100.21658524760254
        ],
        [
          0.0,
          0.0,
          0.0,
          1.0
        ]
      ],
      "angles": [
        -7.2296872,
        -6.8720822,
        0.227465,
        0.57880998,
        -6.5832982,
        -6.2131648,
        -8.5969448,
        -8.264595,
        -5.8772812,
        -5.587399,
        -7.9661479,
        -7.5521989,
        -3.1191211,
        -2.8154221,
        -5.146234,
        -4.7975101,
        -2.4648039,
        -2.0906091,
        -4.5066328,
        -4.1689248,
        -1.786443,
        -1.447062,
        -3.865905,
        -3.4693241,
        0.96523899,
        1.328169,
        -1.1075799,
        -0.75630999,
        1.667588,
        1.9133019,
        -0.40498301,
        -0.065338,
        -22.477615,
        -22.016085,
        -11.238899,
        -10.629205,
        -21.652775,
        -21.06358,
        -24.613182,
        -24.215025,
        -20.592939,
        -19.912579,
        -23.608179,
        -23.134468,
        -16.273811,
        -15.841172,
        -19.424471,
        -18.881002,
        -15.493717,
        -14.882864,
        -18.513205,
        -18.016809,
        -14.301527,
        -13.661886,
        -17.453672,
        -16.74752,
        -9.948904,
        -9.6987391,
        -13.052104,
        -12.629027,
        -9.2657576,
        -8.6600876,
        -12.338741,
        -11.700107
      ],
      "fps": 10,
      "type": "lidar",
      "sessionId": 55,
      "experimentId": 6,
      "deviceId": 0,
      "horizontal_resolution": 0.16
    },
    "56": {
      "extrinsic": [
        [
          -0.915898863473011,
          -0.40136364499632626,
          -0.006044004462220034,
          344.6179630414522
        ],
        [
          0.4013323372510572,
          -0.9159143167604865,
          0.005768835239249348,
          83.53902670583548
        ],
        [
          -0.007851201318800922,
          0.0028580128492170344,
          0.9999650764735025,
          99.6559648178966
        ],
        [
          0.0,
          0.0,
          0.0,
          1.0
        ]
      ],
      "angles": [
        -52.121,
        -49.785,
        -47.577,
        -45.477,
        -43.465,
        -41.528,
        -39.653,
        -37.831,
        -36.055,
        -34.32,
        -32.619,
        -30.95,
        -29.308,
        -27.69,
        -26.094,
        -24.517,
        -22.964,
        -21.42,
        -19.889,
        -18.372,
        -16.865,
        -15.368,
        -13.88,
        -12.399,
        -10.925,
        -9.457,
        -7.994,
        -6.535,
        -5.079,
        -3.626,
        -2.175,
        -0.725,
        0.725,
        2.175,
        3.626,
        5.079,
        6.534,
        7.993,
        9.456,
        10.923,
        12.397,
        13.877,
        15.365,
        16.861,
        18.368,
        19.885,
        21.415,
        22.959,
        24.524,
        26.101,
        27.697,
        29.315,
        30.957,
        32.627,
        34.328,
        36.064,
        37.84,
        39.662,
        41.537,
        43.475,
        45.487,
        47.587,
        49.795,
        52.133
      ],
      "fps": 10,
      "type": "lidar",
      "sessionId": 56,
      "experimentId": 6,
      "deviceId": 2,
      "horizontal_resolution": 0.6
    },
    "57": {
      "extrinsic": [
        [
          -0.7479720674222065,
          -0.66365119017755,
          -0.01024162986411877,
          382.99473414622423
        ],
        [
          0.6637198730519513,
          -0.7479574943718873,
          -0.005957329603664671,
          98.52992077031405
        ],
        [
          -0.0037067141942578223,
          -0.01125349184913588,
          0.999929802464915,
          99.50258970132815
        ],
        [
          0.0,
          0.0,
          0.0,
          1.0
        ]
      ],
      "angles": [
        -15,
        1,
        -13,
        3,
        -11,
        5,
        -9,
        7,
        -7,
        9,
        -5,
        11,
        -3,
        13,
        -1,
        15
      ],
      "fps": 10,
      "type": "lidar",
      "sessionId": 57,
      "experimentId": 6,
      "deviceId": 3,
      "horizontal_resolution": 0.2
    },
    "58": {
      "extrinsic": [
        [
          -0.6592794485251329,
          0.7518976267695082,
          -0.0007663467937468865,
          350.54908912990817
        ],
        [
          -0.7515131047861303,
          -0.6589742336695404,
          -0.03132056107890907,
          63.495379535652276
        ],
        [
          -0.02405485577437091,
          -0.02007307811537895,
          0.9995091114014227,
          99.03962395548108
        ],
        [
          0.0,
          0.0,
          0.0,
          1.0
        ]
      ],
      "angles": [
        -15,
        1,
        -13,
        3,
        -11,
        5,
        -9,
        7,
        -7,
        9,
        -5,
        11,
        -3,
        13,
        -1,
        15
      ],
      "fps": 10,
      "type": "lidar",
      "sessionId": 58,
      "experimentId": 6,
      "deviceId": 4,
      "horizontal_resolution": 0.2
    },
    "61": {
      "fps": 29.975,
      "tvec": [
        [
          -17.1982144948334
        ],
        [
          2.6602985635296443
        ],
        [
          47.41931873523568
        ]
      ],
      "rvec": [
        [
          0.3442905614582061
        ],
        [
          2.466378657279374
        ],
        [
          -1.7432149451377668
        ]
      ],
      "extrinsic": [
        [
          -0.9692334269503937,
          0.12503988582591893,
          -0.2120179026276723,
          -6.947983298624156
        ],
        [
          0.2415922009707795,
          0.3183896488995327,
          -0.9166576459637081,
          46.775224052008134
        ],
        [
          -0.04711446181471777,
          -0.9396771032787131,
          -0.3388025517342455,
          17.755323216933267
        ],
        [
          0.0,
          0.0,
          0.0,
          1.0
        ]
      ],
      "sessionId": 61,
      "type": "camera",
      "deviceId": 5,
      "intrinsic": [
        [
          846.2772801361476,
          0.0,
          988.4546133916215
        ],
        [
          0.0,
          851.9068507035013,
          533.3470761399655
        ],
        [
          0.0,
          0.0,
          1.0
        ]
      ],
      "distortion": [
        [
          0.007939237086804756,
          0.0019018246081334695,
          -0.003550472145708468,
          0.009281118744285857,
          -0.001577833511800795
        ]
      ],
      "experimentId": 4
    },
    "64": {
      "fps": 29.975,
      "tvec": [
        [
          -17.1982144948334
        ],
        [
          2.6602985635296443
        ],
        [
          47.41931873523568
        ]
      ],
      "rvec": [
        [
          0.3442905614582061
        ],
        [
          2.466378657279374
        ],
        [
          -1.7432149451377668
        ]
      ],
      "extrinsic": [
        [
          -0.9692334269503937,
          0.12503988582591893,
          -0.2120179026276723,
          -6.947983298624156
        ],
        [
          0.2415922009707795,
          0.3183896488995327,
          -0.9166576459637081,
          46.775224052008134
        ],
        [
          -0.04711446181471777,
          -0.9396771032787131,
          -0.3388025517342455,
          17.755323216933267
        ],
        [
          0.0,
          0.0,
          0.0,
          1.0
        ]
      ],
      "sessionId": 64,
      "type": "camera",
      "deviceId": 5,
      "intrinsic": [
        [
          846.2772801361476,
          0.0,
          988.4546133916215
        ],
        [
          0.0,
          851.9068507035013,
          533.3470761399655
        ],
        [
          0.0,
          0.0,
          1.0
        ]
      ],
      "distortion": [
        [
          0.007939237086804756,
          0.0019018246081334695,
          -0.003550472145708468,
          0.009281118744285857,
          -0.001577833511800795
        ]
      ],
      "experimentId": 5
    },
    "65": {
      "fps": 29.975,
      "tvec": [
        [
          -17.1982144948334
        ],
        [
          2.6602985635296443
        ],
        [
          47.41931873523568
        ]
      ],
      "rvec": [
        [
          0.3442905614582061
        ],
        [
          2.466378657279374
        ],
        [
          -1.7432149451377668
        ]
      ],
      "extrinsic": [
        [
          -0.9692334269503937,
          0.12503988582591893,
          -0.2120179026276723,
          -6.947983298624156
        ],
        [
          0.2415922009707795,
          0.3183896488995327,
          -0.9166576459637081,
          46.775224052008134
        ],
        [
          -0.04711446181471777,
          -0.9396771032787131,
          -0.3388025517342455,
          17.755323216933267
        ],
        [
          0.0,
          0.0,
          0.0,
          1.0
        ]
      ],
      "sessionId": 65,
      "type": "camera",
      "deviceId": 5,
      "intrinsic": [
        [
          846.2772801361476,
          0.0,
          988.4546133916215
        ],
        [
          0.0,
          851.9068507035013,
          533.3470761399655
        ],
        [
          0.0,
          0.0,
          1.0
        ]
      ],
      "distortion": [
        [
          0.007939237086804756,
          0.0019018246081334695,
          -0.003550472145708468,
          0.009281118744285857,
          -0.001577833511800795
        ]
      ],
      "experimentId": 6
    },
    "68": {
      "fps": 30.005,
      "tvec": [
        [
          -0.4188954867392998
        ],
        [
          -1.4371068060097272
        ],
        [
          51.41857014285153
        ]
      ],
      "rvec": [
        [
          1.194941122309199
        ],
        [
          1.7561566270226912
        ],
        [
          -1.2455611888012277
        ]
      ],
      "extrinsic": [
        [
          -0.3593533640124558,
          0.29763359215063206,
          -0.8844656039645877,
          45.755156455040094
        ],
        [
          0.9331301921769477,
          0.12632439342436438,
          -0.3366157929654805,
          17.88072843338545
        ],
        [
          0.011541413290591204,
          -0.9462855765832414,
          -0.3231259867757128,
          15.25959741940651
        ],
        [
          0.0,
          0.0,
          0.0,
          1.0
        ]
      ],
      "sessionId": 68,
      "type": "camera",
      "deviceId": 6,
      "intrinsic": [
        [
          1293.10690535211,
          0.0,
          811.811442934043
        ],
        [
          0.0,
          1292.9746499042565,
          627.7899550027711
        ],
        [
          0.0,
          0.0,
          1.0
        ]
      ],
      "distortion": [
        [
          0.2054970218887516,
          -0.5107987499783319,
          -0.0002949644461312896,
          0.0006511506173357495,
          0.3361278092311982
        ]
      ],
      "experimentId": 4
    },
    "71": {
      "fps": 30.005,
      "tvec": [
        [
          -0.4188954867392998
        ],
        [
          -1.4371068060097272
        ],
        [
          51.41857014285153
        ]
      ],
      "rvec": [
        [
          1.194941122309199
        ],
        [
          1.7561566270226912
        ],
        [
          -1.2455611888012277
        ]
      ],
      "extrinsic": [
        [
          -0.3593533640124558,
          0.29763359215063206,
          -0.8844656039645877,
          45.755156455040094
        ],
        [
          0.9331301921769477,
          0.12632439342436438,
          -0.3366157929654805,
          17.88072843338545
        ],
        [
          0.011541413290591204,
          -0.9462855765832414,
          -0.3231259867757128,
          15.25959741940651
        ],
        [
          0.0,
          0.0,
          0.0,
          1.0
        ]
      ],
      "sessionId": 71,
      "type": "camera",
      "deviceId": 6,
      "intrinsic": [
        [
          1293.10690535211,
          0.0,
          811.811442934043
        ],
        [
          0.0,
          1292.9746499042565,
          627.7899550027711
        ],
        [
          0.0,
          0.0,
          1.0
        ]
      ],
      "distortion": [
        [
          0.2054970218887516,
          -0.5107987499783319,
          -0.0002949644461312896,
          0.0006511506173357495,
          0.3361278092311982
        ]
      ],
      "experimentId": 5
    },
    "72": {
      "fps": 30.005,
      "tvec": [
        [
          -0.4188954867392998
        ],
        [
          -1.4371068060097272
        ],
        [
          51.41857014285153
        ]
      ],
      "rvec": [
        [
          1.194941122309199
        ],
        [
          1.7561566270226912
        ],
        [
          -1.2455611888012277
        ]
      ],
      "extrinsic": [
        [
          -0.3593533640124558,
          0.29763359215063206,
          -0.8844656039645877,
          45.755156455040094
        ],
        [
          0.9331301921769477,
          0.12632439342436438,
          -0.3366157929654805,
          17.88072843338545
        ],
        [
          0.011541413290591204,
          -0.9462855765832414,
          -0.3231259867757128,
          15.25959741940651
        ],
        [
          0.0,
          0.0,
          0.0,
          1.0
        ]
      ],
      "sessionId": 72,
      "type": "camera",
      "deviceId": 6,
      "intrinsic": [
        [
          1293.10690535211,
          0.0,
          811.811442934043
        ],
        [
          0.0,
          1292.9746499042565,
          627.7899550027711
        ],
        [
          0.0,
          0.0,
          1.0
        ]
      ],
      "distortion": [
        [
          0.2054970218887516,
          -0.5107987499783319,
          -0.0002949644461312896,
          0.0006511506173357495,
          0.3361278092311982
        ]
      ],
      "experimentId": 6
    },
    "75": {
      "fps": 30.005,
      "tvec": [
        [
          -7.288484062447564
        ],
        [
          -2.1936591804402332
        ],
        [
          60.350981737799295
        ]
      ],
      "rvec": [
        [
          1.6033422973623606
        ],
        [
          -1.1129131838911581
        ],
        [
          0.7263395614495233
        ]
      ],
      "extrinsic": [
        [
          0.3933437199650769,
          -0.3088160966729915,
          0.8659753670859772,
          -50.073021395894976
        ],
        [
          -0.9170242050665967,
          -0.06423226368041315,
          0.39362523245400155,
          -30.58028921377798
        ],
        [
          -0.06593424971903467,
          -0.9489503858148475,
          -0.3084571931011506,
          16.05345997386871
        ],
        [
          0.0,
          0.0,
          0.0,
          1.0
        ]
      ],
      "sessionId": 75,
      "type": "camera",
      "deviceId": 7,
      "intrinsic": [
        [
          1717.1395920683428,
          0.0,
          841.0036630185216
        ],
        [
          0.0,
          1718.3133139461545,
          635.5670247875285
        ],
        [
          0.0,
          0.0,
          1.0
        ]
      ],
      "distortion": [
        [
          0.1148003353608913,
          0.5102856967587996,
          -0.0008459023489469794,
          0.001060724867968552,
          -2.923558915834647
        ]
      ],
      "experimentId": 4
    },
    "78": {
      "fps": 30.0,
      "tvec": [
        [
          -7.288484062447564
        ],
        [
          -2.1936591804402332
        ],
        [
          60.350981737799295
        ]
      ],
      "rvec": [
        [
          1.6033422973623606
        ],
        [
          -1.1129131838911581
        ],
        [
          0.7263395614495233
        ]
      ],
      "extrinsic": [
        [
          0.3933437199650769,
          -0.3088160966729915,
          0.8659753670859772,
          -50.073021395894976
        ],
        [
          -0.9170242050665967,
          -0.06423226368041315,
          0.39362523245400155,
          -30.58028921377798
        ],
        [
          -0.06593424971903467,
          -0.9489503858148475,
          -0.3084571931011506,
          16.05345997386871
        ],
        [
          0.0,
          0.0,
          0.0,
          1.0
        ]
      ],
      "sessionId": 78,
      "type": "camera",
      "deviceId": 7,
      "intrinsic": [
        [
          1717.1395920683428,
          0.0,
          841.0036630185216
        ],
        [
          0.0,
          1718.3133139461545,
          635.5670247875285
        ],
        [
          0.0,
          0.0,
          1.0
        ]
      ],
      "distortion": [
        [
          0.1148003353608913,
          0.5102856967587996,
          -0.0008459023489469794,
          0.001060724867968552,
          -2.923558915834647
        ]
      ],
      "experimentId": 5
    },
    "79": {
      "fps": 30.005,
      "tvec": [
        [
          -7.288484062447564
        ],
        [
          -2.1936591804402332
        ],
        [
          60.350981737799295
        ]
      ],
      "rvec": [
        [
          1.6033422973623606
        ],
        [
          -1.1129131838911581
        ],
        [
          0.7263395614495233
        ]
      ],
      "extrinsic": [
        [
          0.3933437199650769,
          -0.3088160966729915,
          0.8659753670859772,
          -50.073021395894976
        ],
        [
          -0.9170242050665967,
          -0.06423226368041315,
          0.39362523245400155,
          -30.58028921377798
        ],
        [
          -0.06593424971903467,
          -0.9489503858148475,
          -0.3084571931011506,
          16.05345997386871
        ],
        [
          0.0,
          0.0,
          0.0,
          1.0
        ]
      ],
      "sessionId": 79,
      "type": "camera",
      "deviceId": 7,
      "intrinsic": [
        [
          1717.1395920683428,
          0.0,
          841.0036630185216
        ],
        [
          0.0,
          1718.3133139461545,
          635.5670247875285
        ],
        [
          0.0,
          0.0,
          1.0
        ]
      ],
      "distortion": [
        [
          0.1148003353608913,
          0.5102856967587996,
          -0.0008459023489469794,
          0.001060724867968552,
          -2.923558915834647
        ]
      ],
      "experimentId": 6
    },
    "0": {
      "fps": 50,
      "tvec": [
        [
          4.590888924741109
        ],
        [
          -4.321708285260035
        ],
        [
          51.97734259420589
        ]
      ],
      "rvec": [
        [
          1.173291187349523
        ],
        [
          1.8515447987611826
        ],
        [
          -1.218922159806332
        ]
      ],
      "extrinsic": [
        [
          -0.41075747646453115,
          0.33598764410754356,
          -0.8475792579668009,
          47.392700001823414
        ],
        [
          0.9113619105266489,
          0.17823818198144695,
          -0.37101296274546103,
          15.870599997863396
        ],
        [
          0.02641521473897912,
          -0.9248478001763376,
          -0.37941900708752374,
          15.603000000725219
        ],
        [
          0.0,
          0.0,
          0.0,
          1.0
        ]
      ],
      "sessionId": 0,
      "type": "camera",
      "deviceId": 10,
      "intrinsic": [
        [
          1372.8473736,
          0.0,
          957.43015
        ],
        [
          0.0,
          1372.8473736,
          548.045805
        ],
        [
          0.0,
          0.0,
          1.0
        ]
      ],
      "distortion": [
        [
          -0.01637142,
          0.0,
          0.0,
          0.0,
          0.0
        ]
      ],
      "experimentId": 0
    },
    "1": {
      "fps": 50,
      "tvec": [
        [
          6.9167049187963485
        ],
        [
          -4.291858215505229
        ],
        [
          51.72469029383727
        ]
      ],
      "rvec": [
        [
          1.1477382731854826
        ],
        [
          1.8897501906665979
        ],
        [
          -1.2599023462462762
        ]
      ],
      "extrinsic": [
        [
          -0.455449880399082,
          0.3337000564161788,
          -0.8253542747161977,
          47.273599999055904
        ],
        [
          0.8902121338601027,
          0.18046431612345828,
          -0.41827620938123555,
          16.252400000242268
        ],
        [
          0.009368200078167833,
          -0.925244239622129,
          -0.37925629048621445,
          15.58110000065697
        ],
        [
          0.0,
          0.0,
          0.0,
          1.0
        ]
      ],
      "sessionId": 1,
      "type": "camera",
      "deviceId": 9,
      "intrinsic": [
        [
          1382.3642378,
          0.0,
          971.170879
        ],
        [
          0.0,
          1382.3642378,
          540.91932
        ],
        [
          0.0,
          0.0,
          1.0
        ]
      ],
      "distortion": [
        [
          -0.01563522,
          0.0,
          0.0,
          0.0,
          0.0
        ]
      ],
      "experimentId": 0
    },
    "2": {
      "fps": 25.01192,
      "tvec": [
        [
          4.114524564144327
        ],
        [
          -2.399582671908865
        ],
        [
          51.89262401382149
        ]
      ],
      "rvec": [
        [
          1.20322786781106
        ],
        [
          1.7972184811190608
        ],
        [
          -1.2970083487188953
        ]
      ],
      "extrinsic": [
        [
          -0.4011135818128948,
          0.3181029460136586,
          -0.8590217751737506,
          46.99060000129553
        ],
        [
          0.9154956091201703,
          0.10723374721447135,
          -0.3877740490801716,
          16.613100000802998
        ],
        [
          -0.031235943509339215,
          -0.9419721010708195,
          -0.33423476276011027,
          15.2125000019615
        ],
        [
          0.0,
          0.0,
          0.0,
          1.0
        ]
      ],
      "sessionId": 2,
      "type": "camera",
      "deviceId": 8,
      "intrinsic": [
        [
          1320.689862,
          0.0,
          829.381734
        ],
        [
          0.0,
          1320.689862,
          603.062299
        ],
        [
          0.0,
          0.0,
          1.0
        ]
      ],
      "distortion": [
        [
          0.0117916697,
          0.0,
          0.0,
          0.0,
          0.0
        ]
      ],
      "experimentId": 0
    },
    "3": {
      "fps": 50,
      "tvec": [
        [
          4.590888924741109
        ],
        [
          -4.321708285260035
        ],
        [
          51.97734259420589
        ]
      ],
      "rvec": [
        [
          1.173291187349523
        ],
